.Random.seed <-
c(403L, 10L, -634545552L, 137278990L, 1148591737L, -942388725L, 
-974421190L, 705206844L, 1593235839L, 2067296981L, -303275284L, 
-915262398L, -582079587L, 220529175L, -1351428226L, -1909934792L, 
-452681189L, 1134513017L, 2056588744L, 726798838L, -141597647L, 
1390016099L, -1916884430L, -145598588L, 1269351879L, 2102774941L, 
-1119122412L, 1723853498L, 928213765L, -1567543073L, 99551590L, 
1781497072L, 865380371L, -654705231L, -1800464288L, -1519487490L, 
-1128431223L, 1781511867L, 1159262858L, -1840788116L, -1980917009L, 
-1708366555L, 426103772L, -609050190L, -677478227L, -923922329L, 
698922894L, 923140200L, 1431276651L, 2021168649L, -83216232L, 
-1205230650L, -1430964447L, 464950195L, -701146334L, -307213036L, 
-783073897L, -561863283L, -990370652L, 2063484554L, 773881077L, 
20079439L, -1317995434L, 241958656L, 60430915L, -698154527L, 
141722960L, 601512878L, -9201319L, 1591977835L, 256915162L, -35956836L, 
393882527L, -429600267L, 292136076L, -1023472286L, 2116829501L, 
564095415L, 601362014L, -1747564648L, 1402693371L, 112135833L, 
473511720L, -500494890L, -458575279L, 524216579L, 1558414482L, 
-1932879324L, 1895220455L, 1176475965L, 641871284L, -2096270822L, 
-765830811L, 1963862015L, -1247502714L, 1140557328L, 316914867L, 
-2027301039L, 135518976L, 827179486L, 964168233L, 167791067L, 
1394439914L, -519162740L, -2129036337L, 1650037637L, -1945976772L, 
1340789010L, -2141473267L, -1111554745L, -2014015698L, 77660808L, 
2037588875L, 1620472681L, 1416015160L, 1095835622L, -334276735L, 
-1729794285L, 1948719298L, 1372812148L, -1924423817L, -1994307475L, 
657270532L, 2126575146L, 308935573L, -1404059601L, 918796598L, 
34281824L, -977561693L, 1879687361L, 1895698608L, -1667014706L, 
1672180537L, -2144887989L, -296046342L, -317011460L, 1238788671L, 
833593109L, 10308652L, -602811134L, -1772601891L, -1566925609L, 
1943242686L, 1425682936L, -852834853L, -741331911L, 832331144L, 
1825290550L, 1979491185L, -1592245853L, -18473742L, -576430012L, 
1051710215L, 1620640477L, 491326420L, -927479046L, -1494069691L, 
23279263L, -89543642L, 856049840L, -625634989L, -655643535L, 
-927059552L, 237227326L, -154923959L, 1184991483L, -194649910L, 
1640699436L, -1163146705L, -99106075L, 1066252188L, 33464818L, 
-1297019795L, 724082087L, -29341746L, 895894824L, 1332344619L, 
-279413431L, -683187624L, -793691386L, 1413502689L, -1715781005L, 
553675490L, 1646532180L, 512106327L, -767323315L, 1412814564L, 
-1268066614L, -446163147L, 1874238863L, 343038614L, 1407070784L, 
-1937394941L, 2000069409L, 329663504L, 274883566L, -1266658407L, 
1243917355L, -1730225894L, -873931812L, 1315249631L, -561411659L, 
2114668364L, -1858060894L, 297512189L, 1568190967L, -793198818L, 
-286940712L, -441394373L, -118870823L, -623452056L, 618710422L, 
1822473489L, -474739005L, -170996014L, -410265756L, 1627130535L, 
1965151229L, -199694860L, -1371594022L, 171217957L, 602544447L, 
-832790842L, 990802768L, -1211856013L, -1231643247L, -1634893888L, 
1497586078L, 988693353L, 165473000L, 1898228940L, -1773409796L, 
-227511822L, 460036224L, 1317174772L, -1086936440L, 384673594L, 
1391239504L, -1619935124L, 1291339156L, 1574622290L, 1199534560L, 
-1755508532L, 2124110496L, 1235868034L, -440873752L, 798479084L, 
249059644L, 106116210L, 364863088L, -1495849436L, -1830721480L, 
1659548954L, 994316496L, 1151917372L, -541810796L, -974053502L, 
-2060640320L, 1914406460L, -1486280304L, -892386270L, 1534441736L, 
-407341940L, 1096205084L, 974059666L, -1243813504L, -1691141100L, 
612720424L, -698030534L, -2018119216L, -1056476820L, 1049081780L, 
-514105838L, -654261280L, 862586316L, -2144672544L, 406818850L, 
1482266408L, -1020660212L, 718566204L, 734000114L, 1587251952L, 
-1685673404L, 1398654552L, -563554502L, 196654064L, 329975484L, 
-627710700L, 1709363394L, 800242784L, 1925429628L, -1102964784L, 
-2072774366L, -1652150616L, 1840257932L, 1442987196L, 1386733362L, 
-1827577280L, -1663859532L, -1216314296L, -149284422L, -211780080L, 
-1103886100L, -1538434732L, 1618786066L, -1900276320L, -50234676L, 
-1285638560L, 288432066L, -2065628376L, -307081812L, 2077937980L, 
973799282L, -1012825808L, -2042450140L, -415431368L, 1981848282L, 
-1497020528L, -499002628L, 607940500L, 730753090L, 1814387968L, 
1606282300L, -367506096L, -864151390L, -1949780152L, 1799296780L, 
-104854820L, 832172882L, -922119552L, -1547913132L, 518523880L, 
664614650L, 1431603536L, 1468351276L, 391137140L, -651656302L, 
1492711008L, 1560432524L, -3509408L, 1787938786L, -1383088216L, 
762158284L, 2001980924L, -1334604878L, -499258896L, 1362504132L, 
1672978776L, -1071094406L, -1633693264L, 266973116L, -1705111468L, 
-835402814L, -1335286752L, 2096135356L, 99326544L, 987693026L, 
-1304168856L, -1489462708L, -790298372L, -175468558L, 755891456L, 
-691742860L, -2043838456L, 650741178L, -1621574192L, -1008819220L, 
910876564L, -1069098030L, -874637472L, 122029388L, 1161112864L, 
-459291774L, -1585538328L, 1012770028L, -379065796L, -1784312974L, 
234334832L, -1675741148L, -692926664L, 739110042L, -706555184L, 
-1633640260L, 881940116L, 1169155714L, 1829780672L, 297103676L, 
524292240L, -1682904542L, 1229587976L, 313704716L, 641462940L, 
1588268562L, 1029541248L, 1849466388L, 1090098728L, -524753606L, 
-844281904L, 451416684L, 1616078644L, 2023129746L, 1900108128L, 
661369164L, -2003267616L, -1441087582L, 1393088424L, -2099041396L, 
-1437555012L, -1819309198L, -613164816L, 156710980L, -718529192L, 
-261237702L, -1927666832L, -685243332L, 1213188884L, 808921538L, 
-936861472L, 679991164L, 1766956752L, 2056865442L, -2136243160L, 
1838991628L, 1408676796L, 203078962L, 914137024L, -209579468L, 
-188621880L, -1755167558L, -548925552L, -1187940884L, -486293420L, 
1227996818L, 169769760L, -1386140212L, 1693277152L, -951713086L, 
713890344L, 972857004L, -298257732L, -869019150L, 965888304L, 
-168817500L, -891092296L, 570485594L, 1127320976L, -269962884L, 
-319124204L, 827304258L, 511017728L, 1238703036L, 1748974416L, 
-1640529630L, 1403641160L, 1876162572L, -932104100L, 1611618721L, 
-641312154L, -219674012L, 639318421L, 1577292479L, -258037160L, 
-2093113738L, -1806876029L, 358987461L, 1358300130L, 32751184L, 
-822613127L, 1596407979L, 608102428L, 1278977866L, -451190977L, 
-721698423L, -1855995490L, 1335375948L, -1179962851L, 184983463L, 
883995344L, -471808914L, -74491109L, 1057019005L, -1340396950L, 
-1231594744L, 1539699633L, -1109920733L, -505455324L, -711206446L, 
1094208039L, 1763890289L, 280627894L, 995628628L, -251970843L, 
-424462609L, 476447272L, 76883590L, 1918963891L, -784349675L, 
1363634290L, 1998058688L, 1194658089L, -32370789L, -527939476L, 
-358540166L, -411515473L, 967558329L, 184356558L, 318295068L, 
-232853619L, 215509495L, 929381632L, 380689246L, 1631579179L, 
1808941869L, -568807526L, -292872872L, -77672255L, 1715203955L, 
-2071366508L, -1953267422L, 151609399L, -925691647L, -577756154L, 
1108714052L, -480539787L, -211931425L, 1993890360L, -1020423658L, 
1627981347L, -1019735579L, 55222274L, -1380959632L, -1201590247L, 
-1491342837L, 1193779452L, -1042809558L, -1271422113L, -1631538455L, 
544856574L, 1450583532L, -1279470275L, -1297474297L, 1715207408L, 
-856104818L, -789505349L, -2002275L, 1458849354L, 998599784L, 
-489610159L, 1732054851L, -161539516L, -1111435022L, 2027791559L, 
-2054054255L, -1670897642L, -1108718988L, -749269755L, -1218722993L, 
1565920584L, 786759910L, -778430957L, 480987509L, -1338094254L, 
1114578336L, 369904777L, 454769851L, -1113886964L, -242317670L, 
-802563057L, -707618727L, -235662098L, 964611964L, 1288748013L, 
-2107571049L, -941502624L, 1074767678L, 540448779L, -1193066355L, 
-1598260806L, -1216088072L, 1881027489L, -468005549L, -924384140L, 
39351810L, -1716508521L, -1397958047L, 1761317542L, -2124957020L, 
1433374549L, 1221137407L, 572076696L, -663627850L, -1478108093L, 
-1043032699L, 642485794L, 1577645328L, 451335353L, -196331157L, 
-1673602980L, 1382012298L, 1516548479L, -2142360375L, -1506307746L, 
-1786838516L, 1195468253L, 645168359L, 1679362320L, -765609938L, 
