.gW <-
structure(list(InstallRoot = "C:\\Program Files (x86)\\WinEdt Team\\WinEdt", 
    RWinEdtInstalled = TRUE, RWinEdtVersion = 173, ApplData = "C:\\Documents and Settings\\viroli\\Application Data\\WinEdt"), .Names = c("InstallRoot", 
"RWinEdtInstalled", "RWinEdtVersion", "ApplData"))
.packageName <-
"LLN"
.Random.seed <-
c(403L, 238L, 1623949116L, 212342175L, -1300050522L, 1196907131L, 
-1843288458L, -299067937L, 429866108L, -1186444825L, 1258567100L, 
1599879949L, 863710163L, -525479711L, 1730527558L, 966802807L, 
-1947124920L, -573427621L, -472291214L, -748763033L, 1580642634L, 
581026448L, -1600249415L, 1286984914L, 1917173032L, 1892885665L, 
2019492784L, -1256722157L, -218692063L, -212583714L, 1998934221L, 
1218050235L, 1146394439L, 1904838268L, -183113656L, 667150901L, 
-1182721897L, -1910624591L, 1387539812L, -60327912L, 1311860557L, 
1740474344L, 659592834L, 782581469L, -1821233871L, 1991060606L, 
-720221510L, 201106571L, -759616292L, -737983404L, 599563181L, 
-2103731764L, -1225491738L, 1093625451L, -591995170L, 2120105610L, 
-1085045462L, -703542721L, 2138371463L, 1868157235L, 1083047003L, 
-9823278L, -1778818713L, -327558487L, -1228908710L, 770509434L, 
1050284119L, -1447076439L, -43352482L, 2134690458L, -1553905267L, 
-1811543185L, -1541950714L, 891426136L, 2109635517L, -583304182L, 
-765628598L, -935713703L, -1019093482L, 1648712758L, -1614997940L, 
-280573181L, -372056789L, -604326971L, -1814103628L, -870202947L, 
1669233189L, -1218714172L, 802068299L, 1751956130L, 40779977L, 
1798208278L, -1343929594L, -50379562L, 428933854L, 728972711L, 
562998281L, -1451259217L, 1793533335L, -1991500143L, -1847310398L, 
-1849109387L, 1707877022L, 2058380420L, -1784659419L, 704217373L, 
-1872768133L, 1285874642L, -672070320L, 1505164083L, 514235647L, 
-1564019297L, 680872802L, 1200675322L, -1502148366L, 1240440319L, 
1218636979L, -401791047L, -1072630815L, -1265302326L, 1911094415L, 
-1516563047L, -484708889L, 322366445L, -880009134L, -1273397434L, 
-833456446L, 2119540783L, -2018365570L, -1222860950L, 185495753L, 
167323967L, 1435013079L, 879375495L, 697843019L, 257459721L, 
-1981284735L, -1021956172L, 2120680016L, 421436040L, -946055966L, 
685056506L, 497241624L, 120341215L, 1661335033L, -243991671L, 
-570994155L, -932684504L, -875769736L, 681656762L, -955153056L, 
-1110613988L, -46307920L, -2144814828L, -1772031653L, 1491048197L, 
-1834293662L, -1300538909L, 1486070231L, 2059577765L, -1316801331L, 
1278083012L, -1725572873L, 528950454L, 1558433115L, -1852965019L, 
610244599L, 838052726L, -696669253L, 1804418491L, -195198193L, 
534370619L, 725481193L, -1186691395L, -2127865457L, 2117627116L, 
842419231L, 646814848L, -567735222L, 1099867525L, 60914039L, 
1931159492L, 1862192774L, -999843597L, 245880092L, 428950072L, 
-1609825732L, 86557453L, 1842293640L, 1246136778L, -1954585821L, 
383879819L, 1725985705L, 87249709L, 1301259195L, 1651719315L, 
-1376207554L, 363663043L, -1626345491L, 291402955L, 857675832L, 
62873511L, -1585467048L, 1353452878L, 401861027L, -1083016669L, 
-659593028L, -447070738L, 1057099412L, -2090581839L, 306302771L, 
-786012952L, 1642291978L, 1312529017L, 1435235354L, 1207442779L, 
-2037721928L, 592027486L, 1500626551L, 1516819230L, -2095581842L, 
-2100196719L, -845337077L, 258811870L, -1541852781L, 1200058041L, 
1615974569L, 418526461L, -1940176367L, -1726528354L, 2017383998L, 
-1903449958L, 1362317435L, 1260846580L, 78083193L, 776641365L, 
-1076539091L, -1608174981L, 956445608L, -1382260105L, -390143607L, 
1544349757L, -151141070L, 1771475081L, 1981978584L, 10011276L, 
-680596878L, -557559213L, -683199794L, 907086185L, -1573275180L, 
1576399099L, -1001906859L, -1140332986L, 621840632L, 1189679054L, 
-1168680327L, 1086442442L, -1349361678L, -386501759L, -1905937821L, 
972372291L, -1159645139L, 2021508718L, 2093348652L, 1848580300L, 
-1009544055L, -602097235L, 20689119L, -1352077101L, -2111046012L, 
1564442537L, 718979461L, 575050742L, 645509220L, 68962267L, -1849403993L, 
650903929L, -763889228L, 650141857L, -1223970996L, 983755136L, 
1449962694L, -144007722L, -1678213969L, -103330880L, 1254271584L, 
317294749L, 1496863909L, -689440106L, -1964769691L, 931097351L, 
1251826322L, -1247929375L, -1937356242L, -1256213844L, -1058020012L, 
200006068L, -1058851639L, 1366850551L, 645146911L, -1379481369L, 
1629266978L, -2039713529L, 1991171365L, 1364022619L, 238225953L, 
782138243L, 592457057L, 2117489652L, 1996385004L, -1183830278L, 
-1064087356L, -1131656340L, -635396851L, 598206347L, -1942619187L, 
1355532201L, 942789880L, 1186764922L, 1567329510L, 483498274L, 
-1363566640L, -640758547L, 253906923L, 2006632704L, 205970163L, 
1004848546L, 1607103793L, -1633186273L, -485678472L, 1488006251L, 
440763249L, -1032172762L, -607640575L, -194669284L, 158424754L, 
-1153386828L, -485746729L, 1233071168L, -1413688731L, -919589326L, 
1736822785L, -1448877485L, -741220673L, -1547725213L, 926501880L, 
1717911181L, 921123205L, 1562568088L, -775721164L, 488402447L, 
-702786995L, -1791721250L, 151480265L, -1140436927L, 1620759126L, 
-1460026764L, -1965086480L, -481345318L, 1741281228L, 911368432L, 
1245978176L, 1614047630L, -396946137L, 2029498449L, 1979789961L, 
-1681255448L, 976002942L, 1797168663L, -2098379388L, 1770733257L, 
-1504665633L, 1664687598L, -427041196L, -1494664664L, -1717940566L, 
175095510L, -1972167500L, -1140104412L, 180566975L, 1335084110L, 
59978817L, -473249241L, -1159636644L, -75959539L, 862970521L, 
-1260500016L, -1417883775L, 1184358602L, -1342898858L, -1267762873L, 
-1764199966L, 2010128304L, -810045634L, 1090221423L, 292732626L, 
2035680798L, 976678907L, 544379145L, 556334217L, -556859209L, 
1792768971L, -573352466L, -1045475867L, -1566617119L, 586588909L, 
-1350151542L, 400579977L, -479109258L, 1488234338L, -987972675L, 
647096379L, -1974127813L, 1596219459L, 460159194L, 37806456L, 
-1557029129L, -113654573L, 1533413950L, -794850702L, 948461507L, 
-507212771L, 1984634338L, -845713393L, 1121351771L, 172032463L, 
1164577496L, -1510826262L, 1147646428L, 1223715375L, -386741433L, 
-782082083L, -1526762255L, 1489860339L, 1628105980L, 849925940L, 
1890948753L, 750931004L, 965379022L, -1036903925L, -883490171L, 
-586121813L, -1890899519L, -315787344L, 212612092L, -819797511L, 
180389699L, 485276323L, -158096044L, -1199971616L, -1508337859L, 
1673605790L, -1470389976L, -511297789L, 530141908L, 465903853L, 
2072601342L, 633061323L, 740133520L, -45677504L, -345592804L, 
-640390497L, -1015851376L, 1289123884L, -1660331879L, -252707380L, 
-86407046L, 1921178331L, 203791269L, 963332265L, 226356573L, 
-1550459569L, 801297364L, 1920627216L, 1043694134L, 1949362104L, 
-1087019524L, 1971076922L, 692243132L, 95528818L, 592052387L, 
-798129018L, -872335525L, -1742837073L, 144661293L, -126078227L, 
707606495L, 1790058622L, -1541259824L, 1649281880L, 2031893756L, 
2060384828L, -656315524L, -2136141787L, 969462559L, -1606856122L, 
-8763364L, -1980617696L, -120142279L, 127868756L, 717685651L, 
-1242352161L, 855162184L, 92190713L, 1008851481L, 67913965L, 
-1343152689L, 1511152911L, -360726282L, -1423886554L, -892777487L, 
243657288L, 1012189937L, -299027426L, -1315985598L, -273570442L, 
1905021519L, -14666544L, 1688356829L, -1371442857L, -1013780776L, 
-342877332L, 1905315848L, 453065784L, 561290881L, 1968731124L, 
449778127L, 2071859118L, 1617649259L, 1074375678L, -333391816L, 
1134033603L, -1058250712L, 1770851307L, -1140316406L, 2051829291L, 
-565779931L, 1911934742L, -2107450519L, -1408748289L, -519750936L, 
978138653L, -2029100112L, 500856436L, -1044954722L, 963636787L, 
243636112L, 255991389L, 1265614025L, -1980367036L, 851802294L, 
1636946129L, 1326540265L, 1035091832L, -1955268582L, -1198444128L, 
750946937L, 1756185503L, -615014600L, -1063463498L, -1170459847L, 
-1988718202L, 1505666447L, 1761847721L, -1831347187L, 1080168378L, 
783795344L, 1656440333L, -680774442L, -459912624L, 1878824546L, 
1697705389L, -132260123L, -793785157L, 2034651028L, 1671797818L, 
-1060161665L, -2077693477L, -2070352643L, 1551629117L, -995070790L, 
