.Random.seed <-
c(403L, 265L, -805210946L, 1574876939L, 476036010L, 1726806578L, 
126786977L, -2015912808L, -413553975L, -840359882L, 575835639L, 
-1026868437L, -1559120312L, 1691379108L, 245434700L, -871284905L, 
1403913347L, -1305880371L, 1703197369L, -857751086L, 2037671595L, 
614476900L, 1223175895L, 1710095408L, 1293984714L, -2019581316L, 
750929280L, -657432101L, -231788906L, 1298821998L, 273952429L, 
-956712967L, -1153275591L, -1059321287L, -261827705L, 2111461159L, 
1150009261L, 115404928L, -770007253L, 74040612L, -986776551L, 
1631393366L, -279850530L, 1900312425L, 653615447L, -1253566261L, 
843969184L, 1033847337L, 1721381059L, -506979067L, -822109047L, 
-2008404554L, 1601777816L, -126941868L, 1067103415L, -581404660L, 
-1866377280L, 493409240L, 1405496341L, 1394226254L, -1872427639L, 
160215658L, 1600685401L, 208389624L, -1964096821L, 1073025137L, 
-746719671L, -718093228L, -1452474385L, -2059248651L, 1548020060L, 
-1666632217L, -1064889610L, 1654007853L, 977670320L, 467006937L, 
-439911886L, 1972400949L, -967647369L, 1162009202L, 927118486L, 
1199743001L, -133497290L, -272554449L, 186746379L, 149759637L, 
-1539915654L, -1592896916L, 1126640348L, -627979360L, 1001567771L, 
-1098540798L, -425370515L, 1336233898L, -1520125774L, -449693241L, 
1316784923L, -2018967236L, -1328912380L, -946798190L, 1306893329L, 
-669908084L, -1492697642L, -1358531842L, 840096924L, 1935192560L, 
2042950659L, -278041998L, 1659334310L, 1419259347L, -2611721L, 
60712252L, 902560852L, 1664557603L, -1649587400L, 1172115278L, 
-1464412716L, -1870290795L, 2057447603L, -112299274L, -493063559L, 
-1243164338L, 1328444765L, -366945918L, -2121106653L, 1319366140L, 
1041797768L, 242637549L, -1453729109L, 716144843L, 1804543124L, 
-1495668420L, -72483714L, -1851142479L, 85349112L, 120083783L, 
-764826699L, 225885081L, 439098374L, -1237546021L, -676680702L, 
744322158L, -1494694708L, 1368444755L, -1451386385L, -307548334L, 
-1346169500L, 1754470795L, 1122229067L, -1621433633L, -1100131703L, 
976488857L, 854018449L, -130543054L, 864877628L, -281746837L, 
-1778063935L, -1611371944L, -1626024704L, 1962871085L, 1476616218L, 
-404072758L, 1183016696L, 360408539L, 470593792L, 308494515L, 
1581940595L, -1021796836L, -2011839929L, 1404428693L, 9263855L, 
-25800637L, 962347367L, -1936866143L, 1393766175L, -1315791903L, 
-1331653300L, 387553693L, 1726629367L, 1362167003L, -1589386432L, 
626249317L, -746032141L, -1504410266L, -1745130633L, -1446080137L, 
-1988345214L, -1800842395L, -723166043L, 1185869866L, -845212694L, 
-1545532554L, -1185287039L, 494595820L, 1880503522L, -1929792977L, 
-1624929071L, -210209620L, -836048260L, -626759487L, 591976190L, 
198050224L, -528775789L, 1307450010L, 899587487L, 1135097328L, 
935453847L, -1873051617L, -1149671188L, 1198138708L, -933673807L, 
-1240081060L, 796979564L, 975763792L, 871303750L, -1030928099L, 
-71881787L, 932191949L, 874136054L, -243656653L, -2024253951L, 
-237716731L, 675695046L, 1398042611L, 415063265L, 428578019L, 
699689387L, 647741699L, -2138054451L, 821856406L, -505004716L, 
1931321990L, 1557596819L, 1971259493L, 982457261L, -1750744060L, 
-388065622L, 1335646365L, 1274826976L, -386849803L, 1515141523L, 
-623275364L, 345026816L, -181486913L, -1861976848L, -451198423L, 
192928155L, 1049815413L, -528077962L, -357932382L, 1175030638L, 
1236736228L, 1047933391L, -669033508L, -1921099553L, -121536L, 
1945004004L, 1508092352L, 1588284871L, -1718883031L, -1746354384L, 
507917921L, 99690123L, 136416202L, 1695516330L, 1903012497L, 
2070687246L, 123928799L, 437315596L, -1191782297L, 1911719926L, 
-641330107L, 349157492L, 1729016104L, -1472858320L, 2093139384L, 
-347174391L, -1200232315L, 62774870L, 1395559098L, -701784207L, 
554320353L, 299592351L, 1055895917L, -475557151L, 1783919749L, 
1364962384L, 1777877580L, -1339930266L, 1457235879L, -1660098563L, 
1120515023L, 1037323910L, -957597538L, -1115742883L, 1873741181L, 
-1994945678L, -604332255L, 1558523230L, -1069309512L, 1643925558L, 
-1032892213L, -700157650L, 1705668342L, 84201995L, -492093575L, 
-1306875269L, 1939262723L, 588273040L, -1617637776L, -178332966L, 
178446436L, 455717795L, -509472894L, -1790574676L, 492710072L, 
-397003578L, -42710646L, 1942787639L, -605801746L, -740087407L, 
-1605141599L, 426178335L, -285766855L, -995270442L, -1705484193L, 
312575793L, -391981266L, 966185608L, 576282655L, -525834179L, 
-2024772053L, -1413483474L, -2012560224L, 983119434L, -1168712172L, 
-830514799L, 1273556420L, 1035864450L, -1796688835L, 1834357981L, 
1314910753L, -1806600844L, -1620414286L, -101328230L, -1628237356L, 
-2045541826L, -1366621786L, 862739527L, 1677441594L, -54665219L, 
-1756700053L, 775808098L, 1631801745L, -540067430L, 1915812777L, 
1066478106L, 1660824049L, 540106492L, -990988069L, 323477793L, 
-1021169254L, -1676682327L, -953300093L, 810617515L, 715087470L, 
256762929L, -1953743033L, 2024786260L, -2043922395L, -1467053315L, 
1994923910L, -865084369L, -1199794247L, 1670432935L, -610787992L, 
-712709989L, 1097029751L, 1937757168L, -1114291L, -2109990385L, 
1662196782L, -803293621L, 1626043605L, -1838797182L, -1618014188L, 
-812126589L, 1813044684L, -802299905L, -1723386199L, -1413883114L, 
-908232862L, -1890781435L, -1103308586L, 365152536L, 481406184L, 
-762491342L, 1332866843L, 2085803218L, 858116364L, 1856951722L, 
-856446100L, 205829128L, 617556791L, 315251829L, -62477318L, 
-1080648056L, 1593039273L, -2089237054L, 1019205760L, 402021371L, 
1164015279L, -1947227352L, -426684179L, 807233624L, 1856260415L, 
783233670L, 1489310940L, 708631539L, 1289358386L, 884012476L, 
1472099144L, 792489821L, -1467232738L, -1598209741L, 1883296958L, 
1380101076L, -2002604830L, 741137591L, -1990538517L, -982188612L, 
-418441184L, -413185488L, -1625748767L, 1627952643L, -235654940L, 
1992288633L, 215408904L, -229710902L, 1036473756L, -301699256L, 
956446153L, 449836832L, 1836702261L, 398910512L, -787438071L, 
1553300396L, 773249572L, -917523900L, 684473862L, 853023463L, 
-338867724L, -1003568994L, -1148853650L, -1537708102L, 1898645911L, 
418189405L, -839531480L, -1433756038L, -1118360663L, 1723876923L, 
-899304769L, -719796659L, 1587925684L, 1951823753L, 1839257713L, 
-1809631955L, 26777880L, -1322652017L, -1485582456L, 191810861L, 
-1607687595L, 1563195580L, 1972805166L, 1004576559L, 1067910150L, 
-438221532L, -592838149L, -305767303L, -1427337389L, -1377420526L, 
-1469464221L, -793632876L, -996684465L, 1743426309L, 1133101781L, 
988230205L, -2099690538L, 340436146L, -730899615L, 186007571L, 
957471213L, -872759549L, -819085170L, 1534803647L, -897787481L, 
-472722132L, 1809840185L, 1216325531L, 1170895038L, 634460713L, 
-671736119L, 847658140L, 1510274819L, -380350147L, 878414176L, 
1121092058L, -446352593L, 278569724L, 947796762L, 1487190131L, 
-670374151L, 1151661512L, -1799134846L, -1104015590L, -919425261L, 
-1544629226L, -2115072688L, 599214049L, -1644305185L, -2068558524L, 
507918852L, -2143846530L, -1517880454L, -1190784921L, -679993933L, 
-147256350L, 398619780L, 1751242598L, -646869277L, 336710438L, 
-635365253L, 1978761270L, -493135763L, -880883745L, -619425963L, 
546295440L, -764422784L, -2034937542L, 1376837975L, 1989223462L, 
-167004924L, -332952925L, 912175591L, 1556385459L, 1458921139L, 
-1457140239L, -1908774617L, 1189848371L, -1464060296L, -728956386L, 
549740289L, 375806342L, -679305891L, 1274773352L, 614111916L, 
-1433658709L, -2081440245L, 1877578326L, -1045441320L, -179174872L, 
-1261252556L, 1622478073L, 1673145837L, 1647816374L, -130908871L, 
-701911392L, 536542890L, 30338530L, 1735359892L, 1867205737L, 
-1939263371L, 1965014660L, -829397156L, -1736842032L, -1294241694L, 
1808142915L, -936205215L, -2097710994L, -10865576L, 631131991L, 
-1211016444L, 1935042539L, -1488666353L, -1837182961L, -2001781913L, 
-1121738728L, -424651230L, -1693678134L, -96715204L, -774761462L, 
-2086618360L, 761993805L, -235926268L, 1462335317L, -1966968598L, 
-1416847112L, -1047532340L, -691818590L, 951767336L, 836654636L, 
