.gW <-
structure(list(InstallRoot = "C:\\Program Files (x86)\\WinEdt Team\\WinEdt", 
    RWinEdtInstalled = TRUE, RWinEdtVersion = 173, ApplData = "C:\\Documents and Settings\\viroli\\Application Data\\WinEdt"), .Names = c("InstallRoot", 
"RWinEdtInstalled", "RWinEdtVersion", "ApplData"))
.packageName <-
"LLN"
.Random.seed <-
c(403L, 5L, 964256124L, -424574645L, 125469670L, -1977058011L, 
1404894318L, 1155499686L, -1480910586L, 2054245214L, 1031093510L, 
-1042832524L, -759746287L, 1563469152L, 1624199821L, -1763414733L, 
767491605L, -1019340657L, 16359611L, 1905343734L, -1377245368L, 
1636753614L, 1988928317L, 1431588371L, -2100509491L, -194619007L, 
-1829829788L, -1077182043L, 1147974375L, -731163478L, -1923317191L, 
300076693L, 2083748643L, -1034413142L, 1193174613L, -722086972L, 
-447595809L, 1190927343L, -599524437L, 926101604L, 1880564208L, 
1852586331L, -918677345L, 306324102L, 654741498L, 1954520816L, 
-1727686944L, -840533459L, 980213756L, -1113560623L, -352086389L, 
962921820L, 506648336L, -1451136791L, -1445436887L, 2114912475L, 
1151970724L, -2008768405L, -450290181L, 204485453L, 384593124L, 
-1566835424L, -1644690591L, 1359261837L, 2119255216L, -180783821L, 
-690837724L, -1849439520L, -2008422705L, 337602913L, -932103207L, 
-597950785L, 2094838332L, 1905578220L, 697554158L, -1101763223L, 
1574092099L, 1011822459L, -101493743L, -1175864825L, -711020194L, 
335181149L, -1530603748L, 2044550436L, -742088118L, 1596844751L, 
-1423967096L, 1993636976L, 686574102L, -882781262L, 1124138200L, 
-1552423336L, -1831638193L, -1604606432L, -1274751698L, 362462526L, 
-996928899L, 444236259L, 1366283115L, -1051778488L, 258242870L, 
-757192538L, 1285277442L, 1670549355L, -1764445279L, -2061705982L, 
-993573140L, -579623399L, -464647618L, -1916984463L, 291300203L, 
-929919253L, -2100170673L, -1054582780L, -577566854L, -2025123097L, 
-2029696249L, 361565316L, -298220825L, 1561246106L, -787417195L, 
-1496223603L, -1809638911L, 1790376655L, -1475299495L, -495617774L, 
-501630484L, -270904671L, 136959259L, -412640662L, 1297055874L, 
126977686L, -420339587L, -34746789L, -409500595L, 641152749L, 
245217296L, -442687108L, -334585677L, 1629687536L, -126534592L, 
311394703L, 543452413L, 601492921L, 2086831055L, 1367085101L, 
-1957731787L, 528526531L, -1900658528L, 2077421635L, -1527212127L, 
1498012445L, -121959406L, -497221791L, 904440185L, 1547579817L, 
1140350059L, 1172149811L, -79564851L, 625576789L, -727724360L, 
1967560148L, -1458348644L, 25121448L, -867671819L, -2081907852L, 
-1928904107L, -635499107L, 2105181519L, 1231656829L, 319591191L, 
-740129727L, 1060041229L, 376955108L, 1940346244L, -156309412L, 
242857483L, -1296372107L, 2007836768L, 1864935951L, -268010406L, 
4906528L, 1663665410L, 1606803963L, -1577962175L, -1158427274L, 
-2029344072L, 1829451595L, 1148001386L, -1371030828L, -256073886L, 
725473196L, -1041592171L, 1389204622L, -647226708L, 2041447429L, 
-1198073006L, -1806592858L, 507626795L, -1410277406L, 1928734293L, 
-814384856L, 18888184L, 1997996424L, 1760534940L, -598780755L, 
-942074021L, -631020024L, -409428611L, 1558670213L, 1383146491L, 
-1289068314L, 1933126157L, -1007808091L, 229682151L, 1221903241L, 
38312130L, -1094405251L, 1600218135L, 1499620105L, 1248582453L, 
-241007732L, -43591704L, -1522828869L, -1944731669L, 1759107558L, 
257900458L, 997582864L, 279983389L, 416190333L, 236431321L, -941343820L, 
66138794L, -575381191L, -275176460L, -1625403843L, -2075609667L, 
-1203636620L, -1474370724L, -1274318638L, 1035384406L, 77632473L, 
636476032L, 1953485037L, 133830558L, -1072729138L, 1819579014L, 
-2000634959L, 1237028229L, -954183555L, 943068663L, -150598769L, 
-1330721771L, 1957908595L, 34368015L, -960182586L, -1043841354L, 
-1946753725L, 998614597L, -1994270257L, 1327077970L, -1452828620L, 
-1837480794L, 966789110L, -1025519897L, -2108196271L, -191970277L, 
-1131058345L, 814727141L, 2098052931L, 262059024L, 1131730645L, 
608299059L, 1219315657L, 322334618L, -974274425L, -2026673593L, 
1792370611L, 580841388L, -1420958727L, 837839069L, -1379434698L, 
-841721953L, -254359228L, 226086356L, -7010605L, 756322614L, 
766091285L, 115265065L, 1723768545L, 610734907L, 710647070L, 
-1309170896L, -833394724L, -1058502156L, -444171024L, -1114919991L, 
1708449055L, 1755425777L, -1228650698L, 1334495448L, -1516598309L, 
1243001637L, -614860579L, -1125992967L, 700677428L, -827322918L, 
2045053147L, -627502967L, 1450679613L, 763449029L, 1021380165L, 
-838209773L, -1763679612L, -802090540L, 520146135L, 434156685L, 
258976545L, 1339633278L, -256671431L, 1334238136L, 329060304L, 
1208514183L, -512652347L, -1940374621L, -1604755560L, -322068330L, 
-2138208498L, 684317164L, -343947214L, 26434795L, -1711723423L, 
-833388180L, -344739473L, -316312130L, -2072828535L, 275549776L, 
1508942391L, -565275199L, -1569775898L, -1188328946L, -1175982676L, 
275852146L, 1162153993L, -1882519465L, 619891445L, -603353899L, 
602975070L, -1758598110L, -1858001653L, -1081368510L, -2042554104L, 
-60552151L, 1719878944L, -1590097749L, -1937838976L, -320149447L, 
843872841L, -1388336279L, -654185396L, 1186111601L, -57645060L, 
-347939830L, -1054129236L, 2064217730L, 2064412450L, 620662657L, 
2025546275L, -81869807L, 1966751227L, 533485237L, -1832772907L, 
-441925099L, -311966279L, 992185149L, -406748316L, 649337084L, 
1371222069L, 1911553961L, 613718566L, 947447902L, -279227406L, 
-1141958647L, -304381752L, 1050974984L, -1309922003L, 1944534742L, 
-2066005737L, -154962619L, 874645238L, 1466843987L, 1530381889L, 
-1523932102L, -1512441597L, -2116215318L, 1750221842L, -2049468885L, 
2009785289L, 196544452L, -1140490618L, 481042046L, 1090568667L, 
-190070232L, -1544413532L, 959313438L, -963473489L, 1100226699L, 
-163946440L, -931999017L, 1569982901L, 1454821768L, 795156252L, 
-1254002522L, 822532221L, -1897367869L, -856139637L, 1626314749L, 
-1486810763L, -215543075L, 718601073L, -895108250L, -1819695616L, 
-174907270L, 312490044L, 697698707L, 934496146L, -1498110490L, 
799884778L, 1756365660L, 1758161344L, -1731876127L, -64809357L, 
-694620067L, 34639321L, 63146490L, 2132105136L, -1445190339L, 
1143814020L, -1667783381L, 1519047388L, 963478941L, -1146551341L, 
909609867L, -2125997814L, 1895751248L, -1004630784L, -408920264L, 
1093067163L, 410705169L, 693172622L, -462987137L, 315741423L, 
1917098655L, 1654875592L, 1735231561L, -972660053L, 2106309017L, 
-327331646L, 537092860L, 2058751010L, 180644706L, -1832991307L, 
-1213066573L, -193855897L, 1974736911L, 403818577L, 1774696075L, 
2050490235L, -765708948L, -1562875806L, 141083870L, 1922322817L, 
1274531851L, 1333366381L, 287197293L, -925396973L, -1630705340L, 
-1962423104L, 458333260L, -1063151661L, 1280413575L, -500085622L, 
-420219616L, -1810462508L, 608256624L, -258895835L, 492478656L, 
769813639L, -939443562L, -790356509L, -7678535L, 814551432L, 
940408521L, 1101313846L, -1264209706L, 1014282730L, 1702625811L, 
-481236489L, -1024111114L, 1179490699L, -1952461362L, -1469926001L, 
23188822L, 1550421828L, -829131342L, -2138681529L, 1823008685L, 
-261495865L, -11325520L, -1352558886L, 1148593032L, 1806415361L, 
-1050276206L, 2102382030L, -359827810L, 1881198121L, 368426122L, 
1466065211L, -573394796L, -2037815991L, -729687082L, -122706395L, 
-1279352015L, -1994097857L, -2130307610L, 2095035782L, -1447463130L, 
881162459L, -762937932L, 121489839L, 25790509L, 1766473887L, 
673156680L, -134782191L, -213124450L, -494509974L, 515425880L, 
-1094651098L, 1208012538L, -908261749L, 555365482L, -743714908L, 
-1286534597L, 21510773L, -1720237106L, 1211104153L, -2107437636L, 
-1567628603L, -55236039L, -1257323810L, -692681750L, 2101513577L, 
274768564L, 771605862L, 1435896819L, -1261439331L, 808280996L, 
-532468041L, -475155405L, -936157877L, -469461293L, 1746674269L, 
616305569L, 2115537289L, 771599440L, 1827079513L, -1566853201L, 
1794833496L, -2137784018L, -977954862L, 1105917199L, -920600515L, 
-288420701L, 518068494L, 561042190L, -1708836230L, 1285757888L, 
-1555247300L, 1486532332L, -1913792441L, 85462575L, -64299558L, 
